Columns 1 through 13
     1     1     1     1         1       1       1       1       1       1        1    1    1
     1     1     1     1         1       1       1       1       1       1       -1   -1   -1
     1     1     1     1         1       1       1       1       1       1        1    1    1
     1     1     1     1         1       1       1       1       1       1        1    1    1
     1     1     1     1         1       1       1       1       1       1       -1   -1   -1
     1     1     1     1         1      -1      -1      -1      -1      -1        1    1    1
     1     1     1     1         1      -1      -1      -1      -1      -1        1    1    1
     1     1     1     1         1      -1      -1      -1      -1      -1       -1   -1   -1
                   A. Farouk, Q.W. Wang / Filomat 34:3 (2020), 815–834                  829

1    1    1    1         1      -1      -1      -1      -1      -1       -1   -1   -1
1    1    1    1         1      -1      -1      -1      -1      -1        1    1    1
1    1   -1   -1         1       1      -1       1       1      -1       -1   -1    1
1    1    1   -1        -1      -1       1      -1       1       1       -1   -1    1
1   -1   -1   -1         1      -1       1      -1       1      -1        1    1   -1
1    1   -1   -1        -1      -1      -1       1      -1       1        1    1   -1
1   -1   -1    1         1      -1       1       1      -1       1       -1   -1    1
1   -1    1    1        -1      -1      -1       1       1      -1       -1    1   -1
1   -1    1   -1        -1       1       1       1      -1      -1        1   -1    1
1   -1    1   -1         1       1      -1      -1      -1       1       -1    1   -1
1    1   -1    1        -1       1       1      -1      -1      -1       -1    1   -1
1   -1   -1    1        -1       1      -1      -1       1       1        1   -1    1
1    1   -1   -1         1       1      -1       1       1      -1       -1   -1   -1
1    1    1   -1        -1      -1       1      -1       1       1       -1   -1   -1
1   -1   -1   -1         1      -1       1      -1       1      -1        1    1    1
1    1   -1   -1        -1      -1      -1       1      -1       1        1    1    1
1   -1   -1    1         1      -1       1       1      -1       1       -1   -1   -1
1   -1    1    1        -1      -1      -1       1       1      -1        1   -1    1
1   -1    1   -1        -1       1       1       1      -1      -1       -1    1   -1
1   -1    1   -1         1       1      -1      -1      -1       1        1   -1    1
1    1   -1    1        -1       1       1      -1      -1      -1        1   -1    1
1   -1   -1    1        -1       1      -1      -1       1       1       -1    1   -1
1    1   -1   -1         1       1      -1       1       1      -1        1   -1   -1
1    1    1   -1        -1      -1       1      -1       1       1        1   -1   -1
1   -1   -1   -1         1      -1       1      -1       1      -1       -1    1    1
1    1   -1   -1        -1      -1      -1       1      -1       1       -1    1    1
1   -1   -1    1         1      -1       1       1      -1       1        1   -1   -1
1   -1    1    1        -1      -1      -1       1       1      -1       -1    1   -1
1   -1    1   -1        -1       1       1       1      -1      -1        1   -1    1
1   -1    1   -1         1       1      -1      -1      -1       1       -1    1   -1
1    1   -1    1        -1       1       1      -1      -1      -1       -1    1   -1
1   -1   -1    1        -1       1      -1      -1       1       1        1   -1    1
1    1   -1   -1         1       1      -1       1       1      -1        1    1   -1
1    1    1   -1        -1      -1       1      -1       1       1        1    1   -1
1   -1   -1   -1         1      -1       1      -1       1      -1       -1   -1    1
1    1   -1   -1        -1      -1      -1       1      -1       1       -1   -1    1
1   -1   -1    1         1      -1       1       1      -1       1        1    1   -1
1   -1    1    1        -1      -1      -1       1       1      -1       -1   -1    1
1   -1    1   -1        -1       1       1       1      -1      -1        1    1   -1
1   -1    1   -1         1       1      -1      -1      -1       1       -1   -1    1
1    1   -1    1        -1       1       1      -1      -1      -1       -1   -1    1
1   -1   -1    1        -1       1      -1      -1       1       1        1    1   -1
1    1   -1   -1         1       1      -1       1       1      -1       -1    1    1
1    1    1   -1        -1      -1       1      -1       1       1       -1    1    1
1   -1   -1   -1         1      -1       1      -1       1      -1        1   -1   -1
1    1   -1   -1        -1      -1      -1       1      -1       1        1   -1   -1
1   -1   -1    1         1      -1       1       1      -1       1       -1    1    1
1   -1    1    1        -1      -1      -1       1       1      -1        1   -1   -1
1   -1    1   -1        -1       1       1       1      -1      -1       -1    1    1
1   -1    1   -1         1       1      -1      -1      -1       1        1   -1   -1
1    1   -1    1        -1       1       1      -1      -1      -1        1   -1   -1
1   -1   -1    1        -1       1      -1      -1       1       1       -1    1    1
                          A. Farouk, Q.W. Wang / Filomat 34:3 (2020), 815–834                  830


Columns 14 through 26
   1     1     1     1          1       1       1       1       1       1        1    1    1
  -1    -1     1      1         1       1       1      -1      -1      -1       -1   -1    1
   1     1    -1    -1         -1      -1      -1       1       1       1        1    1    1
   1     1    -1    -1         -1      -1      -1      -1      -1      -1       -1   -1   -1
  -1    -1     1      1         1       1       1      -1      -1      -1       -1   -1   -1
   1     1    -1    -1         -1      -1      -1      -1      -1      -1       -1   -1    1
   1     1     1     1          1       1       1      -1      -1      -1       -1   -1   -1
  -1    -1    -1    -1         -1      -1      -1      -1      -1      -1       -1   -1    1
  -1    -1    -1    -1         -1      -1      -1       1       1       1        1    1   -1
   1     1     1     1          1       1       1       1       1       1        1    1   -1
   1    -1    -1     1         -1      -1       1       1       1      -1       -1    1   -1
   1    -1    -1     1         -1      -1       1      -1      -1       1        1    1   -1
  -1     1     1    -1          1       1      -1      -1      -1      -1        1    1   -1
  -1     1     1    -1          1       1      -1      -1       1       1       -1   -1   -1
   1    -1    -1     1         -1      -1       1      -1       1       1        1   -1   -1
  -1     1     1      1        -1      -1       1       1      -1       1        1   -1    1
   1    -1    -1    -1          1       1      -1      -1      -1       1       -1    1    1
  -1     1     1      1        -1      -1       1      -1       1      -1        1    1    1
  -1     1     1      1        -1      -1       1      -1       1       1       -1    1    1
   1    -1    -1    -1          1       1      -1      -1       1      -1        1   -1    1
   1     1     1    -1          1      -1      -1       1       1       1       -1   -1    1
   1     1     1    -1          1      -1      -1       1      -1      -1        1    1    1
  -1    -1    -1      1        -1       1       1       1      -1      -1       -1    1    1
  -1    -1    -1      1        -1       1       1      -1      -1       1        1   -1    1
   1     1     1    -1          1      -1      -1      -1      -1       1        1    1   -1
  -1    -1     1      1         1      -1      -1      -1       1      -1        1    1    1
   1     1    -1    -1         -1       1       1       1      -1      -1        1   -1   -1
  -1    -1     1      1         1      -1      -1       1      -1       1       -1    1   -1
  -1    -1     1      1         1      -1      -1       1      -1       1        1   -1    1
   1     1    -1    -1         -1       1       1      -1      -1       1       -1    1    1
  -1     1    -1      1        -1       1      -1      -1       1       1        1   -1   -1
  -1     1    -1      1        -1       1      -1       1       1      -1       -1    1   -1
   1    -1     1    -1          1      -1       1       1       1      -1       -1   -1    1
   1    -1     1    -1          1      -1       1      -1      -1      -1        1    1   -1
  -1     1    -1      1        -1       1      -1       1      -1      -1        1    1    1
   1    -1    -1     1          1       1      -1       1      -1       1       -1    1   -1
  -1     1     1    -1         -1      -1       1      -1       1      -1       -1    1   -1
   1    -1    -1     1          1       1      -1       1       1      -1        1   -1   -1
   1    -1    -1     1          1       1      -1      -1       1      -1        1    1    1
  -1     1     1    -1         -1      -1       1       1      -1      -1        1   -1   -1
  -1    -1    -1    -1          1      -1       1      -1      -1       1        1    1   -1
  -1    -1    -1    -1          1      -1       1       1       1       1       -1   -1    1
   1     1     1     1         -1       1      -1      -1       1       1       -1   -1   -1
   1     1     1     1         -1       1      -1       1      -1      -1       -1    1    1
  -1    -1    -1    -1          1      -1       1       1       1      -1       -1    1   -1
  -1     1    -1    -1          1       1       1       1       1      -1        1   -1   -1
   1    -1     1     1         -1      -1      -1       1      -1       1       -1   -1   -1
  -1     1    -1    -1          1       1       1      -1       1       1       -1    1    1
  -1     1    -1    -1          1       1       1       1      -1       1       -1    1   -1
   1    -1     1     1         -1      -1      -1      -1       1      -1       -1    1   -1
                          A. Farouk, Q.W. Wang / Filomat 34:3 (2020), 815–834                  831

  -1    -1     1    -1         -1       1      -1       1      -1      -1        1    1    1
  -1    -1     1    -1         -1       1      -1      -1       1       1        1   -1   -1
   1     1    -1     1          1      -1       1      -1      -1       1        1   -1    1
   1     1    -1     1          1      -1       1       1       1      -1       -1   -1    1
  -1    -1     1    -1         -1       1      -1       1       1       1       -1   -1    1
   1    -1     1    -1         -1       1       1      -1       1       1       -1    1    1
  -1     1    -1     1          1      -1      -1      -1       1      -1        1   -1    1
   1    -1     1    -1         -1       1       1       1      -1       1        1   -1    1
   1    -1     1    -1         -1       1       1       1       1      -1        1   -1   -1
  -1     1    -1     1          1      -1      -1       1      -1       1       -1   -1   -1

Columns 27 through 39
   1     1     1     1          1       1       1       1       1       1        1    1    1
   1     1     1     1         -1      -1      -1      -1      -1      -1       -1   -1   -1
   1     1     1     1          1       1       1       1       1      -1       -1   -1   -1
  -1    -1    -1    -1         -1      -1      -1      -1      -1      -1       -1   -1   -1
  -1    -1    -1    -1          1       1       1       1       1       1        1    1    1
   1     1     1     1         -1      -1      -1      -1      -1       1        1    1    1
  -1    -1    -1    -1          1       1       1       1       1      -1       -1   -1   -1
   1     1     1     1          1       1       1       1       1       1        1    1    1
  -1    -1    -1    -1          1       1       1       1       1      -1       -1   -1   -1
  -1    -1    -1    -1         -1      -1      -1      -1      -1       1        1    1    1
   1    -1    -1     1         -1      -1       1       1      -1       1       -1    1    1
  -1     1    -1      1        -1       1       1      -1      -1      -1        1    1   -1
   1    -1     1     1         -1      -1       1       1       1      -1       -1    1   -1
   1     1    -1     1         -1       1       1       1      -1      -1        1   -1    1
   1    -1     1    -1         -1      -1      -1       1       1      -1        1   -1    1
   1    -1    -1     1         -1       1      -1      -1       1      -1       -1    1    1
   1    -1    -1    -1         -1       1       1      -1       1       1       -1   -1    1
   1     1    -1    -1         -1      -1       1      -1       1       1        1   -1   -1
  -1    -1     1      1        -1       1      -1       1      -1       1       -1   -1   -1
  -1    -1    -1      1        -1       1      -1       1       1       1        1    1   -1
  -1     1    -1    -1         -1      -1      -1       1       1      -1        1   -1    1
  -1    -1     1    -1         -1      -1       1       1      -1       1       -1    1    1
  -1     1    -1      1         1      -1      -1       1       1       1       -1   -1    1
  -1     1     1    -1         -1      -1       1       1       1      -1       -1    1   -1
  -1     1    -1      1         1      -1      -1      -1       1       1       -1    1   -1
   1     1    -1    -1          1      -1       1      -1      -1      -1       -1   -1    1
   1     1    -1    -1          1      -1       1       1      -1       1        1   -1   -1
   1     1     1    -1          1      -1      -1       1      -1      -1        1    1   -1
   1    -1    -1     1         -1      -1       1      -1       1       1        1   -1   -1
   1    -1    -1    -1          1      -1       1      -1       1      -1        1    1    1
   1    -1     1    -1          1      -1      -1      -1       1       1       -1    1   -1
   1    -1    -1     1         -1      -1      -1       1       1      -1        1   -1    1
   1    -1     1    -1          1       1      -1      -1       1      -1        1   -1   -1
   1    -1     1     1          1      -1      -1       1       1       1       -1   -1    1
  -1    -1     1    -1          1       1      -1      -1      -1       1        1   -1    1
   1     1     1    -1         -1       1      -1       1      -1       1       -1   -1   -1
  -1     1     1    -1         -1       1      -1       1       1       1        1    1   -1
  -1     1     1      1        -1       1      -1      -1       1      -1       -1    1    1
   1     1    -1    -1          1      -1      -1       1      -1      -1        1    1   -1
   1     1    -1    -1          1       1      -1       1      -1      -1       -1    1    1
                          A. Farouk, Q.W. Wang / Filomat 34:3 (2020), 815–834                  832

  -1     1    -1     1          1       1      -1      -1      -1       1        1   -1    1
  -1     1    -1    -1          1      -1      -1      -1       1       1       -1    1   -1
   1     1    -1     1          1       1       1      -1      -1       1       -1    1   -1
  -1     1    -1     1          1       1      -1      -1       1      -1        1   -1   -1
   1    -1    -1     1         -1       1       1      -1      -1      -1        1    1   -1
  -1     1     1     1         -1      -1       1      -1       1       1        1   -1   -1
  -1    -1     1     1          1      -1       1      -1       1      -1        1    1    1
  -1    -1     1     1          1      -1       1      -1      -1      -1       -1   -1    1
   1     1     1    -1         -1       1      -1      -1       1      -1       -1    1    1
  -1     1     1    -1         -1       1       1      -1       1       1       -1   -1    1
  -1    -1     1    -1         -1       1       1      -1      -1      -1        1    1   -1
   1    -1     1    -1          1       1      -1      -1      -1       1        1   -1    1
  -1     1     1    -1         -1       1       1       1      -1      -1        1   -1    1
   1    -1     1    -1          1       1       1      -1      -1       1       -1    1   -1
  -1     1    -1    -1         -1      -1       1       1      -1       1       -1    1    1
  -1    -1     1     1          1      -1      -1       1      -1      -1        1    1   -1
  -1    -1    -1     1          1       1      -1       1      -1      -1       -1    1    1
   1    -1    -1     1         -1       1      -1       1      -1       1       -1   -1   -1
  -1     1     1     1          1      -1       1      -1      -1      -1       -1   -1    1
  -1    -1     1     1          1      -1       1       1      -1       1        1   -1   -1

Columns 40 through 52
   1     1     1     1          1       1       1       1       1       1        1    1    1
  -1     1     1      1         1       1       1       1       1       1        1   -1   -1
  -1    -1    -1    -1         -1      -1      -1      -1      -1      -1       -1   -1   -1
  -1     1     1      1         1       1      -1      -1      -1      -1       -1    1    1
   1    -1    -1    -1         -1      -1      -1      -1      -1      -1       -1   -1   -1
   1    -1    -1    -1         -1      -1       1       1       1       1        1   -1   -1
  -1    -1    -1    -1         -1      -1       1       1       1       1        1    1    1
   1     1     1     1          1       1      -1      -1      -1      -1       -1    1    1
  -1     1     1      1         1       1       1       1       1       1        1   -1   -1
   1     1     1     1          1       1      -1      -1      -1      -1       -1   -1   -1
  -1    -1    -1      1         1      -1       1      -1       1       1       -1    1    1
   1     1    -1    -1         -1       1       1      -1       1      -1        1    1    1
   1     1    -1    -1          1       1       1      -1      -1       1       -1    1   -1
  -1     1     1      1        -1      -1       1      -1       1      -1       -1    1    1
   1     1     1    -1         -1      -1       1       1      -1       1       -1    1   -1
  -1    -1     1    -1         -1       1      -1      -1       1       1       -1    1   -1
   1     1    -1     1         -1       1      -1       1       1       1       -1    1   -1
  -1     1    -1    -1          1      -1      -1       1       1      -1       -1    1   -1
   1     1    -1     1         -1      -1      -1      -1      -1       1        1    1    1
  -1     1     1    -1          1      -1      -1      -1       1       1        1    1   -1
   1    -1    -1    -1          1       1      -1       1      -1       1        1    1    1
  -1     1     1    -1         -1      -1       1       1      -1       1       -1   -1    1
  -1     1     1    -1         -1       1      -1       1      -1      -1        1    1    1
   1    -1     1     1          1      -1      -1       1      -1       1       -1   -1    1
   1    -1     1     1         -1      -1      -1       1       1      -1        1    1    1
   1     1    -1     1         -1      -1      -1      -1      -1       1        1   -1    1
   1     1     1    -1          1      -1      -1      -1       1       1        1   -1    1
  -1    -1     1    -1         -1       1      -1      -1       1       1       -1    1    1
  -1    -1     1    -1          1      -1       1      -1      -1      -1        1   -1    1
  -1    -1     1      1        -1       1       1      -1      -1       1        1   -1    1
                          A. Farouk, Q.W. Wang / Filomat 34:3 (2020), 815–834                  833

   1     1    -1    -1         -1       1       1      -1       1      -1        1   -1    1
   1    -1     1     1         -1      -1      -1       1       1      -1        1   -1   -1
   1     1     1     1         -1      -1       1      -1       1      -1       -1   -1    1
  -1    -1    -1     1          1       1      -1      -1       1      -1        1   -1   -1
  -1    -1    -1     1          1      -1       1      -1       1       1       -1    1    1
   1    -1     1    -1          1      -1       1      -1      -1      -1        1    1   -1
  -1    -1     1     1         -1       1       1      -1      -1       1        1   -1   -1
  -1     1    -1     1         -1      -1      -1      -1      -1       1        1   -1    1
  -1    -1    -1     1         -1       1       1       1      -1      -1       -1    1   -1
   1     1    -1     1          1      -1       1       1      -1      -1        1    1   -1
  -1     1     1    -1         -1      -1       1       1      -1       1       -1   -1   -1
   1    -1    -1     1          1      -1       1      -1       1       1       -1    1   -1
  -1    -1     1     1          1      -1      -1       1      -1       1       -1   -1   -1
   1     1    -1    -1          1       1       1      -1      -1       1       -1   -1   -1
   1    -1    -1    -1          1       1      -1       1      -1       1        1   -1    1
  -1    -1    -1     1         -1       1       1       1      -1      -1       -1    1    1
  -1     1    -1     1          1      -1       1       1      -1      -1        1    1   -1
   1    -1     1    -1          1      -1       1      -1      -1      -1        1    1   -1
  -1     1    -1    -1          1      -1      -1       1       1      -1       -1   -1    1
   1    -1     1    -1          1       1       1       1       1      -1       -1   -1    1
   1    -1     1     1         -1      -1      -1       1       1      -1        1    1   -1
  -1    -1    -1    -1          1       1      -1       1      -1       1        1    1    1
  -1    -1    -1     1          1       1      -1      -1       1      -1        1   -1   -1
  -1     1     1    -1         -1       1      -1       1      -1      -1        1    1   -1
  -1     1    -1    -1         -1       1       1      -1       1      -1        1   -1   -1
  -1     1    -1    -1          1      -1      -1       1       1      -1       -1   -1    1
   1    -1     1    -1          1       1       1       1       1      -1       -1   -1    1
   1    -1    -1     1         -1       1       1       1      -1      -1       -1   -1    1
   1    -1     1    -1         -1       1      -1      -1       1       1       -1    1   -1
   1     1    -1     1         -1       1      -1       1       1       1       -1   -1   -1

Columns 53 through 60
   1     1     1     1          1       1       1       1
  -1    -1    -1    -1         -1      -1      -1      -1
  -1    -1    -1    -1         -1      -1      -1      -1
   1     1     1     1          1       1       1       1
  -1    -1    -1      1         1       1       1       1
  -1    -1    -1      1         1       1       1       1
   1     1     1    -1         -1      -1      -1      -1
   1     1     1    -1         -1      -1      -1      -1
  -1    -1    -1      1         1       1       1       1
  -1    -1    -1    -1         -1      -1      -1      -1
  -1    -1     1    -1          1      -1      -1       1
   1    -1    -1     1         -1       1      -1      -1
  -1    -1     1      1        -1       1      -1       1
  -1    -1    -1      1         1      -1       1      -1
  -1     1     1      1        -1      -1       1      -1
   1     1    -1     1          1      -1      -1       1
   1    -1    -1    -1         -1      -1       1       1
   1    -1     1    -1          1       1       1      -1
  -1     1    -1    -1         -1       1       1       1
  -1     1    -1    -1          1       1      -1      -1
                           A. Farouk, Q.W. Wang / Filomat 34:3 (2020), 815–834   834

     1    -1    -1     1        -1       1      -1      -1
     1     1    -1    -1         1      -1       1      -1
    -1    -1    -1     1         1      -1       1      -1
     1    -1    -1    -1         1       1      -1       1
    -1    -1     1    -1         1      -1      -1       1
    -1     1     1     1         1       1      -1      -1
    -1     1    -1     1        -1      -1      -1       1
    -1     1    -1    -1        -1       1       1       1
     1    -1     1     1        -1      -1       1       1
    -1    -1     1    -1        -1       1       1      -1
     1     1    -1    -1         1      -1       1      -1
     1     1     1    -1        -1       1      -1       1
     1    -1    -1    -1         1       1      -1       1
     1     1    -1     1        -1       1       1      -1
     1    -1    -1     1        -1       1      -1      -1
     1    -1     1    -1         1       1       1      -1
     1    -1     1     1         1      -1      -1      -1
     1    -1     1     1        -1      -1       1       1
     1     1    -1     1         1      -1      -1       1
     1    -1    -1    -1        -1      -1       1       1
     1     1     1    -1        -1       1      -1       1
    -1     1     1     1        -1      -1       1      -1
     1     1    -1     1        -1       1       1      -1
    -1     1     1    -1         1      -1       1       1
     1     1    -1    -1         1      -1       1      -1
    -1     1    -1    -1        -1       1       1       1
    -1     1    -1    -1         1       1      -1      -1
     1     1    -1     1         1      -1      -1       1
    -1     1     1     1         1       1      -1      -1
    -1     1    -1     1        -1      -1      -1       1
    -1     1     1     1        -1      -1       1      -1
    -1    -1     1    -1         1      -1      -1       1
    -1     1     1    -1         1      -1       1       1
    -1    -1     1     1        -1       1      -1       1
     1     1     1    -1        -1       1      -1       1
     1    -1     1     1        -1      -1       1       1
    -1    -1     1    -1        -1       1       1      -1
    -1     1     1     1         1       1      -1      -1
     1    -1     1    -1         1       1       1      -1
     1    -1     1     1         1      -1      -1      -1

H is a Hadamard matrix.

